# fifo
1)
5
4 10 15 20 28
2 1 2 3 8

2)
 4
 2 3 1 4 
 4 2 8 3

 # sjf
 7
 8 3 6 2 5 4 2
 2 2 5 8 3 1 6

 2)
 6
 0 1 2 3 4 5
 4 2 3 1 5 1

 3)
 2 1 100 50 1

 4)
 4 10 20 30 40 1 1 1 1

 5)
 4 10 20 20 19 1 1 1 3



 #priority
 6 
 0 1 2 3 4 5 
 4 2 3 5 1 4
 2 4 6 3 8 7

 5
 0 5 12 2 9
 11 28 2 10 16	

 #preemptive priority
  7 
  0 1 2 3 4 5 11
  4 2 3 5 1 4 6
  2 4 6 1 8 3 2	

  #srtf
  4
  0 1 2 3
  8 4 9 5	


  # round robin
  6
  0 1 2 3 4 5 
  4 5 6 3 1 4
  2

  6
  7 4 6 2 5 3
  3 7 5 4 6 8
  3

  6
  3 2 6 8 4 5
  2 4 3 1 3 4
  3

  4
  0 1 2 3
  2 4 6 8
  2

  6
  5 4 3 1 2 6
  5 6 7 9 2 3
  3

  2
  1 5
  1 1 
  2

  3
  1 2 6
  2 1 2
  3  

  3
  7 2 1
  2 1 4
  3

  #responce ratio
  5
   1 4 5 6 7
   1 2 6 2 4

   #longest remaining time first
   4
   1 2 3 4
   2 4 6 8

   #multi level 
   2
   1 2
   1 0 1
   1 1 1 1 2