2)bf
5
600
250
80
120
100

3
450 200 100
for range in

1)ff
5 100 500 200 300 600
4
212 417 426 112

fifo
3
12
3 2 1 0 3 2 4 3 2 1 0 4	

lru
4
13
7 0 1 2 0 3 0 4 2 3 0 3 2
 optimal
 3
 20
 7 0 1 2 0 3 0 4 2 3 0 3 2 1 2 0 1 7 0 1


 2)
 4
13
  7 0 1 2 0 3 0 4 2 3 0 3 2

  3)second chance
  3
  20
  7 0 1 2 0 3 0 4 2 3 0 3 2 1 2 0 1 7 0 1

  3
  13
  2 3 2 1 5 2 4 5 3 2 3 5 1

  3
  18
  0 4 1 4 2 4 3 4 2 4 0 4 1 4 2 4 3 4
  4
5
0 0  1 2
1 0 0 0
1 3 5 4
0 6 3 2
0 0 1  4
0 0 1 2
1 7 5 0
2 3 5 6
0 6 5 2
0 6 5 6
1 5 5 0
1
0 3 5 0